1.0  0.980  -20.6  5.620  159.7 0.017  75.8  0.541  -17.8
2.0  0.942  -40.7  5.401  140.7 0.033  61.6  0.523  -35.0
3.0  0.887  -59.4  5.051  122.6 0.045  49.5  0.501  -51.2
4.0  0.838  -76.9  4.685  105.8 0.054  38.5  0.480  -66.6
5.0  0.786  -93.2  4.334   89.9 0.060  28.5  0.461  -81.3
6.0  0.742 -108.3 3.984    74.9 0.063  20.2  0.448  -95.4
7.0  0.705 -122.1 3.654    60.6 0.063  12.9  0.449 -108.9
8.0  0.672 -133.7 3.340    47.6 0.063   7.2  0.463 -120.3
9.0  0.651 -143.9 3.110    35.8 0.062   3.2  0.481 -130.1
10.0 0.633 -153.9 2.954    23.7 0.061  -0.2  0.498 -138.8
11.0 0.611 -164.1 2.786    11.8 0.059  -2.9  0.513 -147.6
12.0 0.595 -174.8 2.641     0.0 0.058  -5.1  0.535 -157.0
13.0 0.588  176.0  2.518  -11.6 0.057  -6.7  0.562 -165.3
14.0 0.579  167.6  2.412  -23.0 0.057  -7.9  0.597 -172.8
15.0 0.569  159.3  2.342  -34.6 0.057  -10.1 0.634 -179.7
16.0 0.555  150.5  2.290  -46.6 0.058  -12.9 0.667  173.6
17.0 0.536  140.3  2.272  -59.4 0.059  -17.0 0.697  166.4
18.0 0.525  129.9  2.233  -72.6 0.060  -22.4 0.727  158.8